-0.6413152520832236
-3.5766602929761206
-3.315929926037796
1.9864493304504318
1.750585285299131
2.0386463721914927
-3.3534941724768688
-2.21807288628368
2.386113074574705
2.1661346980274216
-0.9105995877029592
1.0354810367974088
0.06291113784956544
1.8235809068103082
-4.318908194011974
0.2974306559874202
5.332955366895192
3.9795653269316325
-2.630513451881452
2.979134072368087
-6.367978512736461
-6.801720800944035
6.386982069234902
1.5983808891672837
7.275380009055282
2.198926286354302
-1.8957927553092893
-2.470180189556444
-6.366044737139184
0.6216022844144595
1.5060586465583505
-0.7339986991722907
-2.5991812766598694
-1.0416486887296073
8.555869560140682
-2.248356173367943
2.5907518773735028
3.9101855328817647
-0.21444362625469826
-0.6551685453546261
2.090668990373299
-0.5617199891938275
0.3562741538688261
-4.222533402894288
0.6691434480630788
1.9876684115362717
1.012330352071325
-5.658272913172478
15.163029772383254
-3.3017752189426743
-7.795809319137238
4.295643811568019
3.0106858396423517
-11.730100857278261
1.3762090393828705
-2.6579780041032914
-0.13183806198045037
-10.326269439858363
14.911611330845517
-2.45688695638072
-2.457964364778533
0.2799985609814887
9.677331571790013
-3.557951968306524
-7.376922258483922
0.7281887641695958
0.2818094387895461
-0.1969839356150218
2.4941551854893436
5.36289696927598
6.914164150983301
-2.5729667004869374
-5.438290980044419
0.5781000535667714
2.5130504882754057
5.285876073611279
-2.1151944003433876
-1.1427830518380777
-1.9959767422977308
2.0902449031938124
4.695822864042619
-5.511053558286369
-1.7524229531063018
1.2910202481706492
4.768738266136567